$ANSIBLE_VAULT;1.1;AES256
61636261393635383264373030643536346361333166316531316434646236313234666161306264
6261336365646165653232643938386134313061383139340a373032353234373435303038666538
39653238353336626263386166376466616366343761656533366230643462636131343365353130
3439366237653736620a313038613164343566303134653739656661613362643665343038363135
39323339306339396533366338303965636265363965373938666165623632653833353761633566
32616636373839633165346365613665366430633463303263353235396139626161656166666464
35616435663732313731366138666134636364396261623031613964386334636133333033343861
32323238396561373538303838386333316566363835656466633130326161326639313261353661
35323937353938666461633439666265353563333730663336633664656665353864613339376537
61376631646437306436383439356664303562396464396333356164626638626661393366653664
33353662383461383337326635316165663531633564373732313462346437613030643461366434
65353063326464626339376432386138636131303836326263313566393530326438626263623231
36316533393433376534396431373665343533333039376363333062373739353036386236323539
37353636313934613166303632323465363138323663363666383639633562663630666535633832
64343266643435643765356435386366343937303433363233366363636335383732303664326130
66363632653832613331363538366162366330363635373266306164656665633362666330663637
30623434633862356164346264646635343364643861353230303833613636336537306465303337
61376130393135643062353265323338346531643165393763666632396232356636386335346533
65366363633465343730663561313137653034643531643930363939343133636439343436646438
38663638636237326630326662383664346135313339366663656238383131623163373066633666
37643730306137343831323132333666653662623339616235616431303863623930626430373530
36373033663965326232366234636438316630336663383938666532646238393963643638313737
37636534376661653564663065363031616631323230396162616336343263396230396431666363
37623633393836376534
