$ANSIBLE_VAULT;1.1;AES256
34646331666463646633613666373734376430663962346631353431336262636463393236373830
3365366431623037373066383461366230333930663233660a613163616463353637373539633661
39393264363431363130393330323333383138323866356163333761613431326562636331353538
3630643233393335320a663734313933326433306161343536373530373231366366313265343261
65353131353830643864396465396333333133386631306230353038396131393837336163383038
32356565623666616339323934346361616237616362643962373338663337333533333631616562
33633134346161383234663432656564643763303431323039353562313630393937333837616535
36363036346134373466316464666365333766623237323539363135376666366633376230333365
34643136613335363936663036326463636433633964643364663631343932383534623735633334
62306137303835653431666139663631323361346331393734633137633462613230313964383433
34623864646163373234623030366239633639393930343961653066656236313436616636306530
66353463356662663034626139346466643530623832653461316430393339613034613939363530
39636235386362336331643930363033303063626562613462333633316334303862313536313732
30383761396231666237336332303635373365373764643634666664663533386139666433653064
37613862363735343535393530303132383139393130366632376464393739316361636631363736
35333139363733616262643664373361616139643338316634346435366666643036616431333334
65613133313330616565656332656533643733323738613330356536323739373532663337613662
31373331316235623732386561666234333431653839313436666335643763343831646437323831
31633431633437333934303539663362323462356263316365303733323738636263633631663238
66323433613362373066393661656534333965663966366365393063643831323864393965353239
66383165383039653765363166373836636339366262643230346137383866323831646164643034
32616332303332363134313566636361336438613830383134633237393863393864306136356363
31303232323566383039383835326332646237326431356261393565326235623830633636373832
33363161326636356134
